brick: [18.75, 12.50, 0.00]
brick: [12.50, 31.25, 0.00]
brick: [12.50, 31.25, 0.00]
brick: [12.50, 56.25, 0.00]
brick: [12.50, 56.25, 0.00]
brick: [12.50, 81.25, 0.00]
brick: [12.50, 81.25, 0.00]
brick: [18.75, 125.00, 0.00]
brick: [18.75, 137.50, 0.00]
brick: [18.75, 12.50, 0.00]
brick: [31.25, 87.50, 0.00]
brick: [18.75, 125.00, 0.00]
brick: [18.75, 137.50, 0.00]
brick: [43.75, 12.50, 0.00]
brick: [31.25, 87.50, 0.00]
brick: [43.75, 162.50, 0.00]
brick: [37.50, 181.25, 0.00]
brick: [37.50, 181.25, 0.00]
brick: [43.75, 12.50, 0.00]
brick: [56.25, 87.50, 0.00]
brick: [43.75, 162.50, 0.00]
brick: [56.25, 187.50, 0.00]
brick: [68.75, 12.50, 0.00]
brick: [56.25, 87.50, 0.00]
brick: [68.75, 162.50, 0.00]
brick: [56.25, 187.50, 0.00]
brick: [68.75, 12.50, 0.00]
brick: [75.00, 31.25, 0.00]
brick: [75.00, 31.25, 0.00]
brick: [81.25, 87.50, 0.00]
brick: [68.75, 162.50, 0.00]
brick: [81.25, 187.50, 0.00]
brick: [81.25, 87.50, 0.00]
brick: [93.75, 162.50, 0.00]
brick: [81.25, 187.50, 0.00]
brick: [106.25, 87.50, 0.00]
brick: [93.75, 162.50, 0.00]
brick: [100.00, 181.25, 0.00]
brick: [100.00, 181.25, 0.00]
brick: [106.25, 87.50, 0.00]
brick: [131.25, 87.50, 0.00]
brick: [143.75, 12.50, 0.00]
brick: [137.50, 31.25, 0.00]
brick: [137.50, 31.25, 0.00]
brick: [131.25, 87.50, 0.00]
brick: [143.75, 137.50, 0.00]
brick: [137.50, 156.25, 0.00]
brick: [137.50, 156.25, 0.00]
brick: [137.50, 181.25, 0.00]
brick: [137.50, 181.25, 0.00]
brick: [143.75, 12.50, 0.00]
brick: [156.25, 87.50, 0.00]
brick: [143.75, 137.50, 0.00]
brick: [156.25, 162.50, 0.00]
brick: [156.25, 175.00, 0.00]
brick: [156.25, 187.50, 0.00]
brick: [168.75, 12.50, 0.00]
brick: [156.25, 87.50, 0.00]
brick: [168.75, 137.50, 0.00]
brick: [156.25, 162.50, 0.00]
brick: [156.25, 175.00, 0.00]
brick: [156.25, 187.50, 0.00]
brick: [168.75, 12.50, 0.00]
brick: [181.25, 87.50, 0.00]
brick: [168.75, 137.50, 0.00]
brick: [181.25, 187.50, 0.00]
brick: [187.50, 18.75, 0.00]
brick: [187.50, 18.75, 0.00]
brick: [187.50, 43.75, 0.00]
brick: [187.50, 43.75, 0.00]
brick: [187.50, 68.75, 0.00]
brick: [187.50, 68.75, 0.00]
brick: [181.25, 87.50, 0.00]
brick: [187.50, 143.75, 0.00]
brick: [187.50, 143.75, 0.00]
brick: [187.50, 168.75, 0.00]
brick: [187.50, 168.75, 0.00]
brick: [181.25, 187.50, 0.00]
new_layer
brick: [12.50, 18.75, 12.50]
brick: [12.50, 18.75, 12.50]
brick: [12.50, 43.75, 12.50]
brick: [12.50, 43.75, 12.50]
brick: [12.50, 68.75, 12.50]
brick: [12.50, 68.75, 12.50]
brick: [18.75, 87.50, 12.50]
brick: [12.50, 131.25, 12.50]
brick: [12.50, 131.25, 12.50]
brick: [31.25, 12.50, 12.50]
brick: [18.75, 87.50, 12.50]
brick: [25.00, 131.25, 12.50]
brick: [25.00, 131.25, 12.50]
brick: [31.25, 12.50, 12.50]
brick: [43.75, 87.50, 12.50]
brick: [37.50, 168.75, 12.50]
brick: [37.50, 168.75, 12.50]
brick: [43.75, 187.50, 12.50]
brick: [56.25, 12.50, 12.50]
brick: [43.75, 87.50, 12.50]
brick: [56.25, 162.50, 12.50]
brick: [43.75, 187.50, 12.50]
brick: [56.25, 12.50, 12.50]
brick: [68.75, 87.50, 12.50]
brick: [56.25, 162.50, 12.50]
brick: [68.75, 187.50, 12.50]
brick: [75.00, 18.75, 12.50]
brick: [75.00, 18.75, 12.50]
brick: [68.75, 87.50, 12.50]
brick: [81.25, 162.50, 12.50]
brick: [68.75, 187.50, 12.50]
brick: [93.75, 87.50, 12.50]
brick: [81.25, 162.50, 12.50]
brick: [93.75, 187.50, 12.50]
brick: [93.75, 87.50, 12.50]
brick: [100.00, 168.75, 12.50]
brick: [100.00, 168.75, 12.50]
brick: [93.75, 187.50, 12.50]
brick: [118.75, 87.50, 12.50]
brick: [118.75, 87.50, 12.50]
brick: [137.50, 18.75, 12.50]
brick: [137.50, 18.75, 12.50]
brick: [143.75, 87.50, 12.50]
brick: [137.50, 143.75, 12.50]
brick: [137.50, 143.75, 12.50]
brick: [143.75, 175.00, 12.50]
brick: [143.75, 187.50, 12.50]
brick: [156.25, 12.50, 12.50]
brick: [143.75, 87.50, 12.50]
brick: [156.25, 137.50, 12.50]
brick: [156.25, 150.00, 12.50]
brick: [143.75, 175.00, 12.50]
brick: [143.75, 187.50, 12.50]
brick: [156.25, 12.50, 12.50]
brick: [168.75, 87.50, 12.50]
brick: [156.25, 137.50, 12.50]
brick: [156.25, 150.00, 12.50]
brick: [168.75, 187.50, 12.50]
brick: [181.25, 12.50, 12.50]
brick: [168.75, 87.50, 12.50]
brick: [181.25, 137.50, 12.50]
brick: [168.75, 187.50, 12.50]
brick: [181.25, 12.50, 12.50]
brick: [187.50, 31.25, 12.50]
brick: [187.50, 31.25, 12.50]
brick: [187.50, 56.25, 12.50]
brick: [187.50, 56.25, 12.50]
brick: [187.50, 81.25, 12.50]
brick: [187.50, 81.25, 12.50]
brick: [181.25, 137.50, 12.50]
brick: [187.50, 156.25, 12.50]
brick: [187.50, 156.25, 12.50]
brick: [187.50, 181.25, 12.50]
brick: [187.50, 181.25, 12.50]
new_layer
brick: [18.75, 12.50, 25.00]
brick: [12.50, 31.25, 25.00]
brick: [12.50, 31.25, 25.00]
brick: [12.50, 56.25, 25.00]
brick: [12.50, 56.25, 25.00]
brick: [12.50, 81.25, 25.00]
brick: [12.50, 81.25, 25.00]
brick: [18.75, 125.00, 25.00]
brick: [18.75, 137.50, 25.00]
brick: [18.75, 12.50, 25.00]
brick: [31.25, 87.50, 25.00]
brick: [18.75, 125.00, 25.00]
brick: [18.75, 137.50, 25.00]
brick: [43.75, 12.50, 25.00]
brick: [31.25, 87.50, 25.00]
brick: [43.75, 162.50, 25.00]
brick: [37.50, 181.25, 25.00]
brick: [37.50, 181.25, 25.00]
brick: [43.75, 12.50, 25.00]
brick: [56.25, 87.50, 25.00]
brick: [43.75, 162.50, 25.00]
brick: [56.25, 187.50, 25.00]
brick: [68.75, 12.50, 25.00]
brick: [56.25, 87.50, 25.00]
brick: [68.75, 162.50, 25.00]
brick: [56.25, 187.50, 25.00]
brick: [68.75, 12.50, 25.00]
brick: [75.00, 31.25, 25.00]
brick: [75.00, 31.25, 25.00]
brick: [81.25, 87.50, 25.00]
brick: [68.75, 162.50, 25.00]
brick: [81.25, 187.50, 25.00]
brick: [81.25, 87.50, 25.00]
brick: [93.75, 162.50, 25.00]
brick: [81.25, 187.50, 25.00]
brick: [106.25, 87.50, 25.00]
brick: [93.75, 162.50, 25.00]
brick: [100.00, 181.25, 25.00]
brick: [100.00, 181.25, 25.00]
brick: [106.25, 87.50, 25.00]
brick: [131.25, 87.50, 25.00]
brick: [143.75, 12.50, 25.00]
brick: [137.50, 31.25, 25.00]
brick: [137.50, 31.25, 25.00]
brick: [131.25, 87.50, 25.00]
brick: [143.75, 137.50, 25.00]
brick: [143.75, 150.00, 25.00]
brick: [137.50, 181.25, 25.00]
brick: [137.50, 181.25, 25.00]
brick: [143.75, 12.50, 25.00]
brick: [156.25, 87.50, 25.00]
brick: [143.75, 137.50, 25.00]
brick: [143.75, 150.00, 25.00]
brick: [156.25, 187.50, 25.00]
brick: [168.75, 12.50, 25.00]
brick: [156.25, 87.50, 25.00]
brick: [168.75, 137.50, 25.00]
brick: [156.25, 187.50, 25.00]
brick: [168.75, 12.50, 25.00]
brick: [181.25, 87.50, 25.00]
brick: [168.75, 137.50, 25.00]
brick: [181.25, 187.50, 25.00]
brick: [187.50, 18.75, 25.00]
brick: [187.50, 18.75, 25.00]
brick: [187.50, 43.75, 25.00]
brick: [187.50, 43.75, 25.00]
brick: [187.50, 68.75, 25.00]
brick: [187.50, 68.75, 25.00]
brick: [181.25, 87.50, 25.00]
brick: [187.50, 143.75, 25.00]
brick: [187.50, 143.75, 25.00]
brick: [187.50, 168.75, 25.00]
brick: [187.50, 168.75, 25.00]
brick: [181.25, 187.50, 25.00]
new_layer
brick: [12.50, 18.75, 37.50]
brick: [12.50, 18.75, 37.50]
brick: [12.50, 43.75, 37.50]
brick: [12.50, 43.75, 37.50]
brick: [12.50, 68.75, 37.50]
brick: [12.50, 68.75, 37.50]
brick: [18.75, 87.50, 37.50]
brick: [12.50, 131.25, 37.50]
brick: [12.50, 131.25, 37.50]
brick: [31.25, 12.50, 37.50]
brick: [18.75, 87.50, 37.50]
brick: [25.00, 131.25, 37.50]
brick: [25.00, 131.25, 37.50]
brick: [31.25, 12.50, 37.50]
brick: [43.75, 87.50, 37.50]
brick: [37.50, 168.75, 37.50]
brick: [37.50, 168.75, 37.50]
brick: [43.75, 187.50, 37.50]
brick: [56.25, 12.50, 37.50]
brick: [43.75, 87.50, 37.50]
brick: [56.25, 162.50, 37.50]
brick: [43.75, 187.50, 37.50]
brick: [56.25, 12.50, 37.50]
brick: [68.75, 87.50, 37.50]
brick: [56.25, 162.50, 37.50]
brick: [68.75, 187.50, 37.50]
brick: [75.00, 18.75, 37.50]
brick: [75.00, 18.75, 37.50]
brick: [68.75, 87.50, 37.50]
brick: [81.25, 162.50, 37.50]
brick: [68.75, 187.50, 37.50]
brick: [93.75, 87.50, 37.50]
brick: [81.25, 162.50, 37.50]
brick: [93.75, 187.50, 37.50]
brick: [93.75, 87.50, 37.50]
brick: [100.00, 168.75, 37.50]
brick: [100.00, 168.75, 37.50]
brick: [93.75, 187.50, 37.50]
brick: [118.75, 87.50, 37.50]
brick: [118.75, 87.50, 37.50]
brick: [137.50, 18.75, 37.50]
brick: [137.50, 18.75, 37.50]
brick: [143.75, 87.50, 37.50]
brick: [137.50, 143.75, 37.50]
brick: [137.50, 143.75, 37.50]
brick: [137.50, 168.75, 37.50]
brick: [137.50, 168.75, 37.50]
brick: [143.75, 187.50, 37.50]
brick: [156.25, 12.50, 37.50]
brick: [143.75, 87.50, 37.50]
brick: [156.25, 137.50, 37.50]
brick: [143.75, 187.50, 37.50]
brick: [156.25, 12.50, 37.50]
brick: [168.75, 87.50, 37.50]
brick: [156.25, 137.50, 37.50]
brick: [168.75, 187.50, 37.50]
brick: [181.25, 12.50, 37.50]
brick: [168.75, 87.50, 37.50]
brick: [181.25, 137.50, 37.50]
brick: [168.75, 187.50, 37.50]
brick: [181.25, 12.50, 37.50]
brick: [187.50, 31.25, 37.50]
brick: [187.50, 31.25, 37.50]
brick: [187.50, 56.25, 37.50]
brick: [187.50, 56.25, 37.50]
brick: [187.50, 81.25, 37.50]
brick: [187.50, 81.25, 37.50]
brick: [181.25, 137.50, 37.50]
brick: [187.50, 156.25, 37.50]
brick: [187.50, 156.25, 37.50]
brick: [187.50, 181.25, 37.50]
brick: [187.50, 181.25, 37.50]
new_layer
brick: [18.75, 12.50, 50.00]
brick: [12.50, 31.25, 50.00]
brick: [12.50, 31.25, 50.00]
brick: [12.50, 56.25, 50.00]
brick: [12.50, 56.25, 50.00]
brick: [12.50, 81.25, 50.00]
brick: [12.50, 81.25, 50.00]
brick: [18.75, 125.00, 50.00]
brick: [18.75, 137.50, 50.00]
brick: [18.75, 12.50, 50.00]
brick: [31.25, 87.50, 50.00]
brick: [18.75, 125.00, 50.00]
brick: [18.75, 137.50, 50.00]
brick: [43.75, 12.50, 50.00]
brick: [31.25, 87.50, 50.00]
brick: [43.75, 162.50, 50.00]
brick: [37.50, 181.25, 50.00]
brick: [37.50, 181.25, 50.00]
brick: [43.75, 12.50, 50.00]
brick: [56.25, 87.50, 50.00]
brick: [43.75, 162.50, 50.00]
brick: [56.25, 187.50, 50.00]
brick: [68.75, 12.50, 50.00]
brick: [56.25, 87.50, 50.00]
brick: [68.75, 162.50, 50.00]
brick: [56.25, 187.50, 50.00]
brick: [68.75, 12.50, 50.00]
brick: [75.00, 31.25, 50.00]
brick: [75.00, 31.25, 50.00]
brick: [81.25, 87.50, 50.00]
brick: [68.75, 162.50, 50.00]
brick: [81.25, 187.50, 50.00]
brick: [81.25, 87.50, 50.00]
brick: [93.75, 162.50, 50.00]
brick: [81.25, 187.50, 50.00]
brick: [106.25, 87.50, 50.00]
brick: [93.75, 162.50, 50.00]
brick: [100.00, 181.25, 50.00]
brick: [100.00, 181.25, 50.00]
brick: [106.25, 87.50, 50.00]
brick: [131.25, 87.50, 50.00]
brick: [143.75, 12.50, 50.00]
brick: [137.50, 31.25, 50.00]
brick: [137.50, 31.25, 50.00]
brick: [131.25, 87.50, 50.00]
brick: [143.75, 137.50, 50.00]
brick: [137.50, 156.25, 50.00]
brick: [137.50, 156.25, 50.00]
brick: [137.50, 181.25, 50.00]
brick: [137.50, 181.25, 50.00]
brick: [143.75, 12.50, 50.00]
brick: [156.25, 87.50, 50.00]
brick: [143.75, 137.50, 50.00]
brick: [156.25, 187.50, 50.00]
brick: [168.75, 12.50, 50.00]
brick: [156.25, 87.50, 50.00]
brick: [168.75, 137.50, 50.00]
brick: [156.25, 187.50, 50.00]
brick: [168.75, 12.50, 50.00]
brick: [181.25, 87.50, 50.00]
brick: [168.75, 137.50, 50.00]
brick: [181.25, 187.50, 50.00]
brick: [187.50, 18.75, 50.00]
brick: [187.50, 18.75, 50.00]
brick: [187.50, 43.75, 50.00]
brick: [187.50, 43.75, 50.00]
brick: [187.50, 68.75, 50.00]
brick: [187.50, 68.75, 50.00]
brick: [181.25, 87.50, 50.00]
brick: [187.50, 143.75, 50.00]
brick: [187.50, 143.75, 50.00]
brick: [187.50, 168.75, 50.00]
brick: [187.50, 168.75, 50.00]
brick: [181.25, 187.50, 50.00]
new_layer
brick: [12.50, 18.75, 62.50]
brick: [12.50, 18.75, 62.50]
brick: [12.50, 43.75, 62.50]
brick: [12.50, 43.75, 62.50]
brick: [12.50, 68.75, 62.50]
brick: [12.50, 68.75, 62.50]
brick: [18.75, 87.50, 62.50]
brick: [12.50, 131.25, 62.50]
brick: [12.50, 131.25, 62.50]
brick: [31.25, 12.50, 62.50]
brick: [18.75, 87.50, 62.50]
brick: [25.00, 131.25, 62.50]
brick: [25.00, 131.25, 62.50]
brick: [31.25, 12.50, 62.50]
brick: [43.75, 87.50, 62.50]
brick: [37.50, 168.75, 62.50]
brick: [37.50, 168.75, 62.50]
brick: [43.75, 187.50, 62.50]
brick: [56.25, 12.50, 62.50]
brick: [43.75, 87.50, 62.50]
brick: [56.25, 162.50, 62.50]
brick: [43.75, 187.50, 62.50]
brick: [56.25, 12.50, 62.50]
brick: [68.75, 87.50, 62.50]
brick: [56.25, 162.50, 62.50]
brick: [68.75, 187.50, 62.50]
brick: [75.00, 18.75, 62.50]
brick: [75.00, 18.75, 62.50]
brick: [68.75, 87.50, 62.50]
brick: [81.25, 162.50, 62.50]
brick: [68.75, 187.50, 62.50]
brick: [93.75, 87.50, 62.50]
brick: [81.25, 162.50, 62.50]
brick: [93.75, 187.50, 62.50]
brick: [93.75, 87.50, 62.50]
brick: [100.00, 168.75, 62.50]
brick: [100.00, 168.75, 62.50]
brick: [93.75, 187.50, 62.50]
brick: [118.75, 87.50, 62.50]
brick: [118.75, 87.50, 62.50]
brick: [137.50, 18.75, 62.50]
brick: [137.50, 18.75, 62.50]
brick: [143.75, 87.50, 62.50]
brick: [137.50, 143.75, 62.50]
brick: [137.50, 143.75, 62.50]
brick: [137.50, 168.75, 62.50]
brick: [137.50, 168.75, 62.50]
brick: [143.75, 187.50, 62.50]
brick: [156.25, 12.50, 62.50]
brick: [143.75, 87.50, 62.50]
brick: [156.25, 137.50, 62.50]
brick: [143.75, 187.50, 62.50]
brick: [156.25, 12.50, 62.50]
brick: [168.75, 87.50, 62.50]
brick: [156.25, 137.50, 62.50]
brick: [168.75, 187.50, 62.50]
brick: [181.25, 12.50, 62.50]
brick: [168.75, 87.50, 62.50]
brick: [181.25, 137.50, 62.50]
brick: [168.75, 187.50, 62.50]
brick: [181.25, 12.50, 62.50]
brick: [187.50, 31.25, 62.50]
brick: [187.50, 31.25, 62.50]
brick: [187.50, 56.25, 62.50]
brick: [187.50, 56.25, 62.50]
brick: [187.50, 81.25, 62.50]
brick: [187.50, 81.25, 62.50]
brick: [181.25, 137.50, 62.50]
brick: [187.50, 156.25, 62.50]
brick: [187.50, 156.25, 62.50]
brick: [187.50, 181.25, 62.50]
brick: [187.50, 181.25, 62.50]
new_layer
brick: [18.75, 125.00, 75.00]
brick: [18.75, 137.50, 75.00]
brick: [18.75, 125.00, 75.00]
brick: [18.75, 137.50, 75.00]
brick: [143.75, 137.50, 75.00]
brick: [137.50, 156.25, 75.00]
brick: [137.50, 156.25, 75.00]
brick: [137.50, 181.25, 75.00]
brick: [137.50, 181.25, 75.00]
brick: [143.75, 137.50, 75.00]
brick: [156.25, 187.50, 75.00]
brick: [168.75, 137.50, 75.00]
brick: [156.25, 187.50, 75.00]
brick: [168.75, 137.50, 75.00]
brick: [181.25, 187.50, 75.00]
brick: [187.50, 143.75, 75.00]
brick: [187.50, 143.75, 75.00]
brick: [187.50, 168.75, 75.00]
brick: [187.50, 168.75, 75.00]
brick: [181.25, 187.50, 75.00]
new_layer
brick: [137.50, 143.75, 87.50]
brick: [137.50, 143.75, 87.50]
brick: [137.50, 168.75, 87.50]
brick: [137.50, 168.75, 87.50]
brick: [143.75, 187.50, 87.50]
brick: [156.25, 137.50, 87.50]
brick: [143.75, 187.50, 87.50]
brick: [156.25, 137.50, 87.50]
brick: [168.75, 187.50, 87.50]
brick: [181.25, 137.50, 87.50]
brick: [168.75, 187.50, 87.50]
brick: [181.25, 137.50, 87.50]
brick: [187.50, 156.25, 87.50]
brick: [187.50, 156.25, 87.50]
brick: [187.50, 181.25, 87.50]
brick: [187.50, 181.25, 87.50]
