17.25 11.5 0 0
11.5 28.75 0 90
11.5 28.75 0 90
11.5 51.75 0 90
11.5 51.75 0 90
11.5 74.75 0 90
11.5 74.75 0 90
17.25 115 0 0
17.25 126.5 0 0
17.25 11.5 0 0
28.75 80.5 0 0
17.25 115 0 0
17.25 126.5 0 0
40.25 11.5 0 0
28.75 80.5 0 0
40.25 149.5 0 0
34.5 166.75 0 90
34.5 166.75 0 90
40.25 11.5 0 0
51.75 80.5 0 0
40.25 149.5 0 0
51.75 172.5 0 0
63.25 11.5 0 0
51.75 80.5 0 0
63.25 149.5 0 0
51.75 172.5 0 0
63.25 11.5 0 0
69 28.75 0 90
69 28.75 0 90
74.75 80.5 0 0
63.25 149.5 0 0
74.75 172.5 0 0
74.75 80.5 0 0
86.25 149.5 0 0
74.75 172.5 0 0
97.75 80.5 0 0
86.25 149.5 0 0
92 166.75 0 90
92 166.75 0 90
97.75 80.5 0 0
120.75 80.5 0 0
132.25 11.5 0 0
126.5 28.75 0 90
126.5 28.75 0 90
120.75 80.5 0 0
132.25 126.5 0 0
126.5 143.75 0 90
126.5 143.75 0 90
126.5 166.75 0 90
126.5 166.75 0 90
132.25 11.5 0 0
143.75 80.5 0 0
132.25 126.5 0 0
143.75 149.5 0 0
143.75 161 0 0
143.75 172.5 0 0
155.25 11.5 0 0
143.75 80.5 0 0
155.25 126.5 0 0
143.75 149.5 0 0
143.75 161 0 0
143.75 172.5 0 0
155.25 11.5 0 0
166.75 80.5 0 0
155.25 126.5 0 0
166.75 172.5 0 0
172.5 17.25 0 90
172.5 17.25 0 90
172.5 40.25 0 90
172.5 40.25 0 90
172.5 63.25 0 90
172.5 63.25 0 90
166.75 80.5 0 0
172.5 132.25 0 90
172.5 132.25 0 90
172.5 155.25 0 90
172.5 155.25 0 90
166.75 172.5 0 0
11.5 17.25 7.6 90
11.5 17.25 7.6 90
11.5 40.25 7.6 90
11.5 40.25 7.6 90
11.5 63.25 7.6 90
11.5 63.25 7.6 90
17.25 80.5 7.6 0
11.5 120.75 7.6 90
11.5 120.75 7.6 90
28.75 11.5 7.6 0
17.25 80.5 7.6 0
23 120.75 7.6 90
23 120.75 7.6 90
28.75 11.5 7.6 0
40.25 80.5 7.6 0
34.5 155.25 7.6 90
34.5 155.25 7.6 90
40.25 172.5 7.6 0
51.75 11.5 7.6 0
40.25 80.5 7.6 0
51.75 149.5 7.6 0
40.25 172.5 7.6 0
51.75 11.5 7.6 0
63.25 80.5 7.6 0
51.75 149.5 7.6 0
63.25 172.5 7.6 0
69 17.25 7.6 90
69 17.25 7.6 90
63.25 80.5 7.6 0
74.75 149.5 7.6 0
63.25 172.5 7.6 0
86.25 80.5 7.6 0
74.75 149.5 7.6 0
86.25 172.5 7.6 0
86.25 80.5 7.6 0
92 155.25 7.6 90
92 155.25 7.6 90
86.25 172.5 7.6 0
109.25 80.5 7.6 0
109.25 80.5 7.6 0
126.5 17.25 7.6 90
126.5 17.25 7.6 90
132.25 80.5 7.6 0
126.5 132.25 7.6 90
126.5 132.25 7.6 90
132.25 161 7.6 0
132.25 172.5 7.6 0
143.75 11.5 7.6 0
132.25 80.5 7.6 0
143.75 126.5 7.6 0
143.75 138 7.6 0
132.25 161 7.6 0
132.25 172.5 7.6 0
143.75 11.5 7.6 0
155.25 80.5 7.6 0
143.75 126.5 7.6 0
143.75 138 7.6 0
155.25 172.5 7.6 0
166.75 11.5 7.6 0
155.25 80.5 7.6 0
166.75 126.5 7.6 0
155.25 172.5 7.6 0
166.75 11.5 7.6 0
172.5 28.75 7.6 90
172.5 28.75 7.6 90
172.5 51.75 7.6 90
172.5 51.75 7.6 90
172.5 74.75 7.6 90
172.5 74.75 7.6 90
166.75 126.5 7.6 0
172.5 143.75 7.6 90
172.5 143.75 7.6 90
172.5 166.75 7.6 90
172.5 166.75 7.6 90
17.25 11.5 15.2 0
11.5 28.75 15.2 90
11.5 28.75 15.2 90
11.5 51.75 15.2 90
11.5 51.75 15.2 90
11.5 74.75 15.2 90
11.5 74.75 15.2 90
17.25 115 15.2 0
17.25 126.5 15.2 0
17.25 11.5 15.2 0
28.75 80.5 15.2 0
17.25 115 15.2 0
17.25 126.5 15.2 0
40.25 11.5 15.2 0
28.75 80.5 15.2 0
40.25 149.5 15.2 0
34.5 166.75 15.2 90
34.5 166.75 15.2 90
40.25 11.5 15.2 0
51.75 80.5 15.2 0
40.25 149.5 15.2 0
51.75 172.5 15.2 0
63.25 11.5 15.2 0
51.75 80.5 15.2 0
63.25 149.5 15.2 0
51.75 172.5 15.2 0
63.25 11.5 15.2 0
69 28.75 15.2 90
69 28.75 15.2 90
74.75 80.5 15.2 0
63.25 149.5 15.2 0
74.75 172.5 15.2 0
74.75 80.5 15.2 0
86.25 149.5 15.2 0
74.75 172.5 15.2 0
97.75 80.5 15.2 0
86.25 149.5 15.2 0
92 166.75 15.2 90
92 166.75 15.2 90
97.75 80.5 15.2 0
120.75 80.5 15.2 0
132.25 11.5 15.2 0
126.5 28.75 15.2 90
126.5 28.75 15.2 90
120.75 80.5 15.2 0
132.25 126.5 15.2 0
132.25 138 15.2 0
126.5 166.75 15.2 90
126.5 166.75 15.2 90
132.25 11.5 15.2 0
143.75 80.5 15.2 0
132.25 126.5 15.2 0
132.25 138 15.2 0
143.75 172.5 15.2 0
155.25 11.5 15.2 0
143.75 80.5 15.2 0
155.25 126.5 15.2 0
143.75 172.5 15.2 0
155.25 11.5 15.2 0
166.75 80.5 15.2 0
155.25 126.5 15.2 0
166.75 172.5 15.2 0
172.5 17.25 15.2 90
172.5 17.25 15.2 90
172.5 40.25 15.2 90
172.5 40.25 15.2 90
172.5 63.25 15.2 90
172.5 63.25 15.2 90
166.75 80.5 15.2 0
172.5 132.25 15.2 90
172.5 132.25 15.2 90
172.5 155.25 15.2 90
172.5 155.25 15.2 90
166.75 172.5 15.2 0
11.5 17.25 22.8 90
11.5 17.25 22.8 90
11.5 40.25 22.8 90
11.5 40.25 22.8 90
11.5 63.25 22.8 90
11.5 63.25 22.8 90
17.25 80.5 22.8 0
11.5 120.75 22.8 90
11.5 120.75 22.8 90
28.75 11.5 22.8 0
17.25 80.5 22.8 0
23 120.75 22.8 90
23 120.75 22.8 90
28.75 11.5 22.8 0
40.25 80.5 22.8 0
34.5 155.25 22.8 90
34.5 155.25 22.8 90
40.25 172.5 22.8 0
51.75 11.5 22.8 0
40.25 80.5 22.8 0
51.75 149.5 22.8 0
40.25 172.5 22.8 0
51.75 11.5 22.8 0
63.25 80.5 22.8 0
51.75 149.5 22.8 0
63.25 172.5 22.8 0
69 17.25 22.8 90
69 17.25 22.8 90
63.25 80.5 22.8 0
74.75 149.5 22.8 0
63.25 172.5 22.8 0
86.25 80.5 22.8 0
74.75 149.5 22.8 0
86.25 172.5 22.8 0
86.25 80.5 22.8 0
92 155.25 22.8 90
92 155.25 22.8 90
86.25 172.5 22.8 0
109.25 80.5 22.8 0
109.25 80.5 22.8 0
126.5 17.25 22.8 90
126.5 17.25 22.8 90
132.25 80.5 22.8 0
126.5 132.25 22.8 90
126.5 132.25 22.8 90
126.5 155.25 22.8 90
126.5 155.25 22.8 90
132.25 172.5 22.8 0
143.75 11.5 22.8 0
132.25 80.5 22.8 0
143.75 126.5 22.8 0
132.25 172.5 22.8 0
143.75 11.5 22.8 0
155.25 80.5 22.8 0
143.75 126.5 22.8 0
155.25 172.5 22.8 0
166.75 11.5 22.8 0
155.25 80.5 22.8 0
166.75 126.5 22.8 0
155.25 172.5 22.8 0
166.75 11.5 22.8 0
172.5 28.75 22.8 90
172.5 28.75 22.8 90
172.5 51.75 22.8 90
172.5 51.75 22.8 90
172.5 74.75 22.8 90
172.5 74.75 22.8 90
166.75 126.5 22.8 0
172.5 143.75 22.8 90
172.5 143.75 22.8 90
172.5 166.75 22.8 90
172.5 166.75 22.8 90
17.25 11.5 30.4 0
11.5 28.75 30.4 90
11.5 28.75 30.4 90
11.5 51.75 30.4 90
11.5 51.75 30.4 90
11.5 74.75 30.4 90
11.5 74.75 30.4 90
17.25 115 30.4 0
17.25 126.5 30.4 0
17.25 11.5 30.4 0
28.75 80.5 30.4 0
17.25 115 30.4 0
17.25 126.5 30.4 0
40.25 11.5 30.4 0
28.75 80.5 30.4 0
40.25 149.5 30.4 0
34.5 166.75 30.4 90
34.5 166.75 30.4 90
40.25 11.5 30.4 0
51.75 80.5 30.4 0
40.25 149.5 30.4 0
51.75 172.5 30.4 0
63.25 11.5 30.4 0
51.75 80.5 30.4 0
63.25 149.5 30.4 0
51.75 172.5 30.4 0
63.25 11.5 30.4 0
69 28.75 30.4 90
69 28.75 30.4 90
74.75 80.5 30.4 0
63.25 149.5 30.4 0
74.75 172.5 30.4 0
74.75 80.5 30.4 0
86.25 149.5 30.4 0
74.75 172.5 30.4 0
97.75 80.5 30.4 0
86.25 149.5 30.4 0
92 166.75 30.4 90
92 166.75 30.4 90
97.75 80.5 30.4 0
120.75 80.5 30.4 0
132.25 11.5 30.4 0
126.5 28.75 30.4 90
126.5 28.75 30.4 90
120.75 80.5 30.4 0
132.25 126.5 30.4 0
126.5 143.75 30.4 90
126.5 143.75 30.4 90
126.5 166.75 30.4 90
126.5 166.75 30.4 90
132.25 11.5 30.4 0
143.75 80.5 30.4 0
132.25 126.5 30.4 0
143.75 172.5 30.4 0
155.25 11.5 30.4 0
143.75 80.5 30.4 0
155.25 126.5 30.4 0
143.75 172.5 30.4 0
155.25 11.5 30.4 0
166.75 80.5 30.4 0
155.25 126.5 30.4 0
166.75 172.5 30.4 0
172.5 17.25 30.4 90
172.5 17.25 30.4 90
172.5 40.25 30.4 90
172.5 40.25 30.4 90
172.5 63.25 30.4 90
172.5 63.25 30.4 90
166.75 80.5 30.4 0
172.5 132.25 30.4 90
172.5 132.25 30.4 90
172.5 155.25 30.4 90
172.5 155.25 30.4 90
166.75 172.5 30.4 0
11.5 17.25 38 90
11.5 17.25 38 90
11.5 40.25 38 90
11.5 40.25 38 90
11.5 63.25 38 90
11.5 63.25 38 90
17.25 80.5 38 0
11.5 120.75 38 90
11.5 120.75 38 90
28.75 11.5 38 0
17.25 80.5 38 0
23 120.75 38 90
23 120.75 38 90
28.75 11.5 38 0
40.25 80.5 38 0
34.5 155.25 38 90
34.5 155.25 38 90
40.25 172.5 38 0
51.75 11.5 38 0
40.25 80.5 38 0
51.75 149.5 38 0
40.25 172.5 38 0
51.75 11.5 38 0
63.25 80.5 38 0
51.75 149.5 38 0
63.25 172.5 38 0
69 17.25 38 90
69 17.25 38 90
63.25 80.5 38 0
74.75 149.5 38 0
63.25 172.5 38 0
86.25 80.5 38 0
74.75 149.5 38 0
86.25 172.5 38 0
86.25 80.5 38 0
92 155.25 38 90
92 155.25 38 90
86.25 172.5 38 0
109.25 80.5 38 0
109.25 80.5 38 0
126.5 17.25 38 90
126.5 17.25 38 90
132.25 80.5 38 0
126.5 132.25 38 90
126.5 132.25 38 90
126.5 155.25 38 90
126.5 155.25 38 90
132.25 172.5 38 0
143.75 11.5 38 0
132.25 80.5 38 0
143.75 126.5 38 0
132.25 172.5 38 0
143.75 11.5 38 0
155.25 80.5 38 0
143.75 126.5 38 0
155.25 172.5 38 0
166.75 11.5 38 0
155.25 80.5 38 0
166.75 126.5 38 0
155.25 172.5 38 0
166.75 11.5 38 0
172.5 28.75 38 90
172.5 28.75 38 90
172.5 51.75 38 90
172.5 51.75 38 90
172.5 74.75 38 90
172.5 74.75 38 90
166.75 126.5 38 0
172.5 143.75 38 90
172.5 143.75 38 90
172.5 166.75 38 90
172.5 166.75 38 90
17.25 115 45.6 0
17.25 126.5 45.6 0
17.25 115 45.6 0
17.25 126.5 45.6 0
132.25 126.5 45.6 0
126.5 143.75 45.6 90
126.5 143.75 45.6 90
126.5 166.75 45.6 90
126.5 166.75 45.6 90
132.25 126.5 45.6 0
143.75 172.5 45.6 0
155.25 126.5 45.6 0
143.75 172.5 45.6 0
155.25 126.5 45.6 0
166.75 172.5 45.6 0
172.5 132.25 45.6 90
172.5 132.25 45.6 90
172.5 155.25 45.6 90
172.5 155.25 45.6 90
166.75 172.5 45.6 0
126.5 132.25 53.2 90
126.5 132.25 53.2 90
126.5 155.25 53.2 90
126.5 155.25 53.2 90
132.25 172.5 53.2 0
143.75 126.5 53.2 0
132.25 172.5 53.2 0
143.75 126.5 53.2 0
155.25 172.5 53.2 0
166.75 126.5 53.2 0
155.25 172.5 53.2 0
166.75 126.5 53.2 0
172.5 143.75 53.2 90
172.5 143.75 53.2 90
172.5 166.75 53.2 90
172.5 166.75 53.2 90
