#Exported From Editor
17.25 11.5 0 0
11.5 28.75 0 90
11.5 51.75 0 90
11.5 74.75 0 90
11.5 97.75 0 90
28.75 103.5 0 0
40.25 11.5 0 0
40.25 34.5 0 0
40.25 80.5 0 0
51.75 103.5 0 0
63.25 11.5 0 0
74.75 103.5 0 0
86.25 11.5 0 0
97.75 103.5 0 0
103.5 17.25 0 90
103.5 40.25 0 90
103.5 63.25 0 90
103.5 86.25 0 90
11.5 17.25 7.6 90
11.5 40.25 7.6 90
11.5 63.25 7.6 90
11.5 86.25 7.6 90
17.25 103.5 7.6 0
28.75 11.5 7.6 0
40.25 103.5 7.6 0
51.75 11.5 7.6 0
63.25 103.5 7.6 0
74.75 11.5 7.6 0
86.25 103.5 7.6 0
97.75 11.5 7.6 0
103.5 28.75 7.6 90
103.5 51.75 7.6 90
103.5 74.75 7.6 90
103.5 97.75 7.6 90
17.25 11.5 15.2 0
11.5 28.75 15.2 90
11.5 51.75 15.2 90
11.5 74.75 15.2 90
11.5 97.75 15.2 90
28.75 103.5 15.2 0
40.25 11.5 15.2 0
51.75 103.5 15.2 0
63.25 11.5 15.2 0
74.75 103.5 15.2 0
86.25 11.5 15.2 0
97.75 103.5 15.2 0
103.5 17.25 15.2 90
103.5 40.25 15.2 90
103.5 63.25 15.2 90
103.5 86.25 15.2 90
